0 0.1103448275862069 0.674937965260546 0.06896551724137931 0.04590570719602978
0 0.03793103448275862 0.575682382133995 0.02413793103448276 0.043424317617866005
0 0.19310344827586207 0.18424317617866004 0.07241379310344828 0.03598014888337469
0 0.5370689655172414 0.23325062034739455 0.06379310344827586 0.013647642679900745
0 0.49482758620689654 0.7518610421836228 0.017241379310344827 0.016129032258064516
0 0.975 0.34181141439205953 0.015517241379310345 0.03722084367245657
0 0.4646551724137931 0.5372208436724566 0.039655172413793106 0.026054590570719603
1 0.13448275862068965 0.7351116625310173 0.2689655172413793 0.21215880893300249
1 0.13275862068965516 0.49503722084367247 0.2655172413793103 0.21836228287841192
1 0.12586206896551724 0.2617866004962779 0.2517241379310345 0.21588089330024815
1 0.5258620689655172 0.7363523573200993 0.3810344827586207 0.22580645161290322
1 0.506896551724138 0.4826302729528536 0.42931034482758623 0.19727047146401985
1 0.5017241379310344 0.2630272952853598 0.4396551724137931 0.22456575682382135
1 0.8698275862068966 0.7351116625310173 0.2603448275862069 0.22704714640198512
1 0.871551724137931 0.4981389578163772 0.25689655172413794 0.21712158808933002
1 0.8672413793103448 0.26240694789081886 0.2655172413793103 0.2196029776674938